trained on mono_test1
[0.75095785, 0.7176634, 0.5632184, 0.57162726, 0.45466155, 0.5243394, 0.49936143, 0.5146036, 0.48020434, 0.4798331, 0.6449553, 0.6550765, 0.6066411, 0.5799722, 0.54533845, 0.47566065, 0.5644955, 0.51738524, 0.76756066, 0.7774687]
[0.9399745, 0.94158554, 0.9220945, 0.9137691, 0.7177522, 0.7301808, 0.88122606, 0.8706537, 0.945083, 0.94297636, 0.85057473, 0.86369956, 0.5108557, 0.4993046, 0.5108557, 0.4993046, 0.7011494, 0.7162726, 0.9323116, 0.9179416]
[0.9259259, 0.906815, 0.4687101, 0.50625867, 0.59770113, 0.5910987, 0.5351213, 0.49095967, 0.532567, 0.48261476, 0.60536397, 0.5897079, 0.44827586, 0.50486785, 0.532567, 0.48261476, 0.50063854, 0.5410292, 0.51979566, 0.5257302]


trained on test_train
[0.50063854, 0.51877606, 0.50063854, 0.51877606, 0.49936143, 0.4812239, 0.49936143, 0.4812239, 0.83652616, 0.8428373, 0.54022986, 0.5869263, 0.49936143, 0.4812239, 0.49936143, 0.4812239, 0.49936143, 0.4812239, 0.49936143, 0.4812239]
[0.50319284, 0.5521558, 0.52234995, 0.5159944, 0.532567, 0.50347704, 0.4201788, 0.42280945, 0.5581098, 0.58414465, 0.80204344, 0.8233658, 0.532567, 0.50347704, 0.46743295, 0.49652296, 0.532567, 0.50347704, 0.5108557, 0.5479833]

